100
25
9929
19
7549
7853
34
766
9019
5
19
9952
10
4028
7505
79
38
322
31
904
9882
36
344
9609
74
16
9881
7
953
9356
61
967
9901
35
4834
9537
4426
6920
9419
7716
5286
7033
4674
1206
9482
5781
495
9041
77
7132
7132
7132
6198
6654
1116
2273
9531
2733
567
9384
73
885
9521
21
492
9286
4
211
298
20
290
4366
97
114
9729
44
19
9956
8
188
9352
90
5561
6148
7715
5711
7228
4109
89
9356
62
114
6137
1453
3393
6244
3073
5149
5227
78
28
9867
6
629
9163
33
6233
9706
4632
22
9976
9
974
9288
33
3222
3901
4296
2072
2072
2072
378
9016
12
18
9949
1
830
9348
14
814
9449
8
6769
9733
6370
47
9664
44
168
9166
15
131
9900
60
4010
8312
4173
25
216
31
849
9067
55
6244
6355
8577
5185
7509
4868
440
9506
55
829
9206
69
725
9208
12
75
9986
56
1196
2165
4557
23
9398
46
15
9540
39
1161
4969
14
4875
8821
7781
605
9228
94
916
9226
9
6548
9023
6540
954
9317
69
1472
1839
46
4914
7645
78
109
9135
75
457
464
12
2238
9250
5744
346
9553
68
7303
7303
7303
653
8296
3939
709
9522
81
298
419
8
85
483
3
5114
7712
4652
5283
8529
1264
105
457
36
4332
9424
38
293
9394
84
6
9870
5
27
9977
2
5566
8760
525
3466
9274
938
630
5458
37
30
9969
4
21
9962
3
865
9524
17
172
265
70
1915
2101
11
544
9535
80
504
9944
75
718
8471
3112
4585
5511
4326
152
9191
45
580
9891
20
2483
7793
8399
2529
2775
5030
